vx	vy	vz	score	numLines
-0.99398382	-0.10952524	-0.00061927	1675.16	184
-0.58885474	0.80822813	0.00417030	1129.17	173
-0.98010567	-0.19847638	-0.00000195	858.94	137

nLines	x1	y1	x2	y2	length
184
	442.60	4.12	462.92	6.65	20.48
	483.07	4.13	489.95	5.06	6.95
	499.94	7.22	523.83	10.22	24.08
	593.02	9.22	604.84	10.62	11.91
	507.02	20.14	513.23	20.63	6.23
	259.78	21.52	266.02	22.46	6.31
	308.02	34.58	327.98	37.88	20.23
	612.01	43.33	626.96	46.08	15.20
	442.99	50.49	451.01	51.93	8.15
	375.99	52.52	389.01	54.06	13.10
	411.01	54.78	425.03	55.50	14.04
	379.92	65.44	385.01	66.08	5.13
	565.91	69.11	587.04	71.86	21.31
	489.97	72.94	501.88	74.32	12.00
	373.69	74.68	379.00	75.35	5.34
	541.99	77.29	548.87	77.83	6.90
	537.90	80.35	543.09	80.57	5.19
	443.02	90.92	448.98	91.30	5.98
	617.88	91.09	626.04	92.17	8.23
	396.04	105.51	415.03	106.19	19.00
	515.99	98.07	525.99	99.08	10.05
	432.97	109.70	439.01	109.84	6.03
	158.93	109.83	149.18	109.71	9.75
	367.22	117.62	373.99	118.09	6.79
	509.00	113.95	523.00	114.03	13.99
	377.01	129.24	389.96	129.08	12.96
	363.02	129.35	368.82	129.44	5.79
	527.98	140.38	539.99	141.48	12.06
	550.00	154.10	556.04	154.38	6.05
	264.98	166.85	322.96	167.21	57.98
	577.00	165.83	582.08	165.77	5.09
	558.01	167.22	565.05	167.30	7.04
	279.02	172.49	307.98	171.58	28.97
	293.97	198.66	387.02	199.60	93.06
	246.06	180.03	252.00	180.01	5.94
	435.00	190.95	481.00	187.94	46.10
	490.99	187.57	512.04	188.73	21.07
	389.01	189.24	438.01	189.48	49.00
	289.00	190.00	308.99	191.08	20.02
	244.06	193.06	257.10	192.80	13.04
	491.06	194.34	530.95	194.14	39.90
	449.08	196.36	465.00	195.03	15.98
	474.99	195.29	481.95	195.43	6.96
	407.03	198.07	431.01	198.25	23.97
	449.00	202.34	483.00	202.15	34.00
	569.97	198.91	574.99	199.06	5.03
	152.58	201.44	165.99	200.97	13.41
	168.00	200.12	182.03	200.36	14.03
	553.10	200.43	565.06	200.41	11.96
	614.03	200.69	622.96	200.51	8.94
	403.51	200.77	425.04	200.81	21.53
	220.00	202.02	225.96	202.13	5.96
	491.00	203.06	514.00	202.86	23.00
	519.97	203.46	532.97	203.94	13.00
	553.00	203.68	591.00	204.48	38.01
	612.98	205.48	629.00	204.01	16.09
	490.98	206.32	499.00	206.01	8.02
	542.21	220.83	533.95	221.11	8.27
	523.92	209.33	537.85	208.63	13.95
	568.00	212.20	585.01	211.88	17.01
	208.03	212.05	227.09	210.59	19.11
	168.87	213.40	176.98	212.76	8.14
	159.87	215.23	165.98	214.66	6.14
	465.06	215.54	484.02	215.54	18.96
	406.92	217.61	412.00	217.71	5.09
	424.00	224.03	406.98	224.49	17.03
	458.88	217.60	464.16	217.67	5.29
	515.05	222.17	532.91	220.79	17.92
	435.87	220.50	458.94	219.54	23.09
	395.86	224.72	403.06	224.28	7.21
	358.00	226.88	389.03	225.43	31.07
	182.06	229.05	190.08	228.76	8.03
	456.99	229.54	466.00	228.53	9.06
	254.91	230.29	259.91	229.81	5.03
	155.06	233.08	161.05	232.57	6.01
	445.97	232.50	452.97	232.58	7.00
	156.09	237.38	174.04	236.88	17.96
	441.92	240.36	346.02	246.13	96.07
	354.98	265.52	366.00	264.51	11.07
	138.92	245.00	156.01	243.93	17.12
	611.99	242.04	616.97	241.45	5.01
	459.77	243.67	464.90	243.11	5.16
	166.02	243.87	177.92	243.49	11.90
	324.86	243.42	341.00	243.48	16.14
	587.32	243.28	573.93	243.58	13.39
	178.01	246.46	192.97	246.27	14.97
	435.97	246.77	441.13	246.17	5.20
	498.04	246.87	507.93	246.19	9.92
	373.12	251.15	426.90	246.60	53.97
	169.01	248.04	176.77	247.70	7.77
	346.58	249.54	369.04	248.88	22.47
	488.46	249.50	495.02	249.44	6.56
	496.00	250.65	501.02	250.17	5.05
	376.05	255.74	426.00	251.97	50.09
	485.23	253.15	490.99	253.14	5.76
	507.99	252.55	513.21	252.46	5.21
	356.00	261.97	437.97	254.14	82.34
	542.00	262.14	550.02	261.82	8.03
	565.98	256.55	573.02	256.50	7.04
	151.04	263.22	157.74	262.46	6.74
	323.06	261.62	328.13	261.41	5.08
	474.03	261.93	480.01	261.51	6.00
	429.69	264.43	383.96	269.76	46.05
	385.01	282.21	419.99	278.49	35.18
	559.07	264.35	554.01	265.05	5.11
	568.00	265.44	560.03	266.61	8.05
	610.00	266.29	619.04	265.87	9.06
	478.00	271.36	499.01	268.56	21.19
	500.97	271.82	511.99	270.26	11.13
	409.59	271.72	416.78	271.52	7.19
	524.00	271.02	530.04	270.78	6.04
	308.21	274.30	329.00	273.98	20.80
	530.14	274.24	538.03	273.82	7.90
	336.00	281.90	378.86	280.71	42.87
	327.87	279.59	357.95	278.23	30.12
	495.09	279.15	500.81	278.64	5.75
	502.97	279.33	509.05	278.60	6.12
	531.10	280.52	537.98	279.38	6.98
	506.91	284.21	518.18	283.07	11.33
	580.03	287.48	605.96	285.46	26.01
	389.05	285.33	394.74	284.92	5.70
	512.01	290.68	533.74	288.30	21.86
	623.09	286.65	629.01	286.31	5.93
	604.96	291.62	610.01	290.88	5.10
	558.97	293.60	594.00	291.66	35.08
	500.11	296.70	520.02	293.35	20.19
	383.02	297.84	412.99	294.20	30.19
	278.99	298.98	295.87	297.24	16.97
	346.94	301.67	377.96	297.16	31.35
	522.04	299.21	534.95	298.48	12.93
	328.97	299.77	350.01	298.92	21.06
	601.99	302.48	616.94	300.16	15.13
	153.96	302.78	161.79	302.18	7.85
	183.97	307.41	190.86	307.18	6.90
	572.01	314.12	581.96	312.72	10.05
	507.07	315.39	517.07	314.29	10.06
	526.02	320.43	535.99	319.28	10.03
	537.09	314.79	548.94	313.59	11.91
	225.76	315.15	219.01	316.03	6.81
	537.03	320.64	556.02	319.27	19.04
	554.89	322.36	535.05	324.07	19.92
	253.02	324.70	259.97	323.51	7.05
	437.97	323.10	443.15	322.64	5.20
	211.01	325.04	216.02	324.45	5.05
	404.52	327.48	389.33	330.18	15.42
	618.06	329.33	608.83	330.36	9.29
	241.50	331.44	236.11	332.31	5.46
	277.03	331.78	284.05	331.30	7.04
	310.10	335.16	298.85	337.09	11.42
	393.90	338.21	403.69	336.42	9.96
	318.01	339.07	325.97	337.61	8.09
	462.31	342.45	471.09	341.71	8.82
	189.53	338.61	197.96	337.87	8.46
	620.02	340.52	628.99	338.80	9.13
	532.08	341.66	539.98	340.72	7.96
	565.01	346.44	594.75	341.56	30.14
	235.78	344.87	241.00	344.27	5.26
	349.96	344.44	359.11	343.82	9.17
	338.17	347.15	349.98	345.84	11.89
	577.90	348.45	572.22	349.70	5.81
	335.78	349.58	318.98	351.87	16.95
	183.06	351.62	190.06	350.91	7.04
	296.03	358.19	319.02	354.95	23.22
	324.01	360.10	329.87	359.16	5.93
	600.97	367.14	606.05	365.95	5.21
	214.94	363.86	220.99	363.01	6.11
	265.06	365.75	276.00	364.25	11.05
	244.98	367.05	261.85	365.45	16.94
	385.91	371.40	380.44	372.57	5.59
	407.99	372.86	415.00	371.98	7.07
	297.14	373.79	305.14	373.10	8.02
	500.87	376.39	493.06	377.84	7.95
	220.99	380.94	230.11	379.81	9.19
	449.97	384.17	461.68	382.43	11.84
	329.75	386.83	340.09	384.72	10.56
	467.01	388.54	475.01	387.13	8.12
	399.95	393.25	410.05	391.95	10.18
	584.03	403.83	603.98	400.42	20.24
	593.98	396.91	609.04	393.58	15.43
	182.96	403.25	176.76	404.22	6.28
	270.95	403.51	277.01	402.64	6.13
	617.20	406.93	627.00	404.78	10.03
	448.71	410.12	442.96	411.60	5.94
	595.10	412.19	604.00	409.68	9.25
173
	245.72	13.88	253.95	10.46	8.91
	456.88	18.43	466.95	14.73	10.73
	267.95	28.78	273.02	27.03	5.36
	291.01	21.02	285.27	23.59	6.29
	543.99	35.98	538.09	37.61	6.12
	501.98	46.05	509.02	44.57	7.20
	570.39	47.93	580.97	45.06	10.96
	459.00	62.00	465.01	61.04	6.09
	414.92	65.17	430.05	61.80	15.49
	470.15	63.20	459.94	65.20	10.40
	522.85	63.87	517.22	64.87	5.72
	566.99	65.98	578.04	64.39	11.17
	399.64	67.56	410.99	65.03	11.62
	439.10	66.21	445.03	64.94	6.07
	578.04	67.10	586.01	65.75	8.08
	397.88	72.68	413.94	69.55	16.36
	387.99	72.15	394.71	70.68	6.88
	479.96	76.87	489.04	74.59	9.36
	616.95	75.88	624.31	75.26	7.38
	382.21	79.48	373.00	80.88	9.31
	398.05	87.07	415.91	83.83	18.15
	474.98	83.95	480.36	83.26	5.42
	382.73	86.20	387.69	85.51	5.00
	509.99	87.15	504.08	87.92	5.96
	525.08	91.69	530.94	90.79	5.93
	602.78	92.78	589.99	93.96	12.85
	575.04	97.14	584.02	95.78	9.09
	489.70	102.95	511.98	98.98	22.63
	549.09	104.04	573.02	100.21	24.24
	466.00	113.00	473.00	112.01	7.07
	603.09	111.78	628.97	108.88	26.04
	563.97	116.31	583.98	113.61	20.19
	374.85	114.22	381.94	113.60	7.12
	458.96	118.13	469.91	117.33	10.97
	520.96	120.20	533.02	118.52	12.18
	477.95	120.39	468.98	121.43	9.03
	528.03	125.90	536.96	125.27	8.96
	496.95	130.80	503.95	129.63	7.09
	479.00	136.41	471.02	136.75	7.99
	508.97	140.44	520.00	139.37	11.08
	465.01	140.53	471.95	139.78	6.99
	434.95	142.30	448.99	140.97	14.11
	550.29	142.26	556.00	141.89	5.73
	459.00	151.96	480.01	150.41	21.07
	264.98	166.85	322.96	167.21	57.98
	577.00	165.83	582.08	165.77	5.09
	558.01	167.22	565.05	167.30	7.04
	279.02	172.49	307.98	171.58	28.97
	293.97	198.66	387.02	199.60	93.06
	310.06	173.75	318.86	172.81	8.85
	246.06	180.03	252.00	180.01	5.94
	435.00	190.95	481.00	187.94	46.10
	490.99	187.57	512.04	188.73	21.07
	389.01	189.24	438.01	189.48	49.00
	289.00	190.00	308.99	191.08	20.02
	244.06	193.06	257.10	192.80	13.04
	491.06	194.34	530.95	194.14	39.90
	474.99	195.29	481.95	195.43	6.96
	407.03	198.07	431.01	198.25	23.97
	449.00	202.34	483.00	202.15	34.00
	569.97	198.91	574.99	199.06	5.03
	152.58	201.44	165.99	200.97	13.41
	168.00	200.12	182.03	200.36	14.03
	553.10	200.43	565.06	200.41	11.96
	614.03	200.69	622.96	200.51	8.94
	403.51	200.77	425.04	200.81	21.53
	220.00	202.02	225.96	202.13	5.96
	491.00	203.06	514.00	202.86	23.00
	519.97	203.46	532.97	203.94	13.00
	553.00	203.68	591.00	204.48	38.01
	490.98	206.32	499.00	206.01	8.02
	568.00	212.20	585.01	211.88	17.01
	351.00	213.04	362.98	213.92	12.01
	465.06	215.54	484.02	215.54	18.96
	560.98	217.60	583.05	218.81	22.10
	406.92	217.61	412.00	217.71	5.09
	369.98	217.86	384.08	218.61	14.11
	458.88	217.60	464.16	217.67	5.29
	151.74	220.17	163.99	221.88	12.37
	567.02	222.89	592.02	223.86	25.02
	470.97	223.59	477.03	223.80	6.06
	523.21	224.53	530.97	225.26	7.79
	602.89	224.87	609.99	225.03	7.10
	572.13	224.77	579.18	225.56	7.10
	168.00	226.08	173.19	226.76	5.23
	254.04	225.91	260.91	226.69	6.91
	462.96	227.53	476.99	229.03	14.11
	199.20	229.17	206.35	230.06	7.20
	561.04	230.22	568.00	231.03	7.00
	445.97	232.50	452.97	232.58	7.00
	138.92	235.14	151.90	236.24	13.03
	540.93	234.90	549.07	235.61	8.17
	462.07	236.41	472.42	237.59	10.42
	525.03	236.19	534.13	236.74	9.11
	299.02	237.36	310.62	238.23	11.63
	334.00	239.05	361.98	242.68	28.21
	595.92	240.29	601.03	240.32	5.11
	513.29	241.58	520.03	242.30	6.77
	304.83	242.89	315.07	244.33	10.34
	600.99	242.91	611.00	244.12	10.08
	536.96	246.37	542.69	246.62	5.74
	468.79	246.41	482.99	247.02	14.21
	314.99	253.05	334.00	255.01	19.11
	531.02	251.14	539.02	251.85	8.02
	445.03	253.26	455.06	254.54	10.11
	454.04	252.54	477.96	255.30	24.08
	555.00	254.24	566.07	255.43	11.14
	138.98	255.21	158.02	259.27	19.48
	458.00	259.06	471.89	261.38	14.09
	547.00	259.00	555.97	259.76	9.00
	481.03	260.47	500.00	262.95	19.13
	517.99	260.36	535.82	261.65	17.88
	333.11	260.76	342.08	261.85	9.04
	610.05	261.84	625.08	262.42	15.05
	592.00	265.27	609.00	267.74	17.17
	533.93	266.74	563.85	270.49	30.15
	617.04	274.57	601.96	272.98	15.17
	369.00	270.44	379.08	272.31	10.25
	509.92	275.58	524.93	277.08	15.09
	469.38	275.49	489.98	279.63	21.01
	293.20	276.20	300.09	277.83	7.08
	579.98	276.40	590.99	277.44	11.06
	305.52	277.23	335.01	281.84	29.84
	549.04	289.64	540.41	288.40	8.72
	597.92	279.53	611.92	281.36	14.12
	203.98	280.18	209.97	282.09	6.29
	433.00	279.91	444.03	281.17	11.11
	520.98	281.12	535.00	283.82	14.28
	481.98	285.09	511.00	289.92	29.42
	168.43	286.59	174.64	288.22	6.42
	534.00	293.03	556.01	296.05	22.21
	435.05	293.87	461.97	298.63	27.34
	312.05	298.50	324.96	301.07	13.16
	579.05	301.57	607.95	306.09	29.25
	206.81	303.40	215.96	306.14	9.55
	499.00	340.00	509.02	342.43	10.31
	456.90	313.04	466.00	315.00	9.31
	443.00	316.45	448.25	317.37	5.33
	559.05	314.52	573.02	316.30	14.08
	624.04	315.50	629.00	316.12	5.00
	557.01	319.29	566.96	321.64	10.22
	427.98	323.24	437.00	324.98	9.19
	521.99	325.20	555.01	332.66	33.86
	495.35	326.66	500.99	327.94	5.79
	225.97	329.89	230.85	331.49	5.13
	439.89	330.37	445.99	332.12	6.35
	617.92	331.23	625.00	332.73	7.24
	511.09	331.75	531.64	337.49	21.34
	430.42	336.88	435.97	338.12	5.68
	415.82	346.62	428.87	350.90	13.73
	304.95	351.23	309.82	352.66	5.08
	355.93	352.07	366.01	354.65	10.41
	335.01	354.45	340.06	356.09	5.31
	447.07	359.92	456.06	362.24	9.28
	613.89	373.14	620.99	374.40	7.21
	224.87	368.72	234.02	373.68	10.41
	472.11	370.38	487.88	374.43	16.28
	286.00	372.01	291.71	373.93	6.03
	265.91	377.79	270.59	380.03	5.19
	290.82	377.38	296.17	379.84	5.88
	400.06	378.14	411.05	381.93	11.63
	504.17	381.58	516.88	385.21	13.22
	179.36	382.77	185.68	386.45	7.31
	188.04	382.87	193.02	386.21	5.99
	600.05	385.95	629.11	392.77	29.85
	256.29	386.64	263.01	390.35	7.67
	166.34	390.53	173.03	394.89	7.98
	412.00	391.45	417.03	393.32	5.37
	475.01	395.02	482.01	397.03	7.28
	439.99	394.96	446.48	397.02	6.81
	274.61	406.22	279.94	408.69	5.87
	561.09	406.33	574.43	410.49	13.97
	223.27	406.72	228.02	409.13	5.33
137
	483.07	4.13	489.95	5.06	6.95
	610.11	14.28	617.03	15.97	7.11
	574.06	22.91	581.94	24.79	8.10
	259.78	21.52	266.02	22.46	6.31
	528.99	34.44	533.90	35.70	5.06
	308.02	34.58	327.98	37.88	20.23
	295.89	37.47	305.00	39.45	9.32
	483.02	38.75	488.94	40.15	6.08
	524.00	40.13	533.94	42.20	10.15
	314.01	41.66	319.20	42.78	5.31
	612.01	43.33	626.96	46.08	15.20
	414.23	45.37	423.92	47.66	9.95
	442.99	50.49	451.01	51.93	8.15
	591.97	54.23	581.96	52.03	10.25
	400.01	56.76	409.02	58.86	9.25
	176.09	61.37	185.99	63.75	10.19
	437.00	69.00	445.92	71.20	9.19
	615.19	62.38	620.16	63.47	5.09
	194.03	67.57	201.92	69.69	8.17
	414.90	69.25	424.00	71.00	9.27
	554.02	68.15	560.92	69.90	7.11
	310.92	84.07	324.97	86.61	14.28
	501.91	76.46	506.75	77.80	5.02
	418.92	81.39	432.00	83.90	13.32
	331.20	83.74	339.99	85.44	8.95
	571.02	86.21	579.01	88.36	8.28
	416.96	87.49	423.02	88.43	6.13
	329.08	88.40	335.00	89.39	6.01
	602.04	90.87	609.45	92.44	7.58
	617.88	91.09	626.04	92.17	8.23
	397.00	92.07	405.99	93.86	9.17
	576.93	100.21	595.63	102.93	18.90
	515.98	103.03	534.05	106.11	18.32
	538.95	103.44	548.08	105.90	9.45
	595.95	104.52	601.99	106.01	6.23
	528.11	111.25	538.00	113.00	10.05
	498.74	117.67	504.99	119.04	6.40
	558.95	138.67	620.00	149.64	62.03
	558.01	150.24	575.98	153.76	18.32
	588.01	165.94	593.79	167.28	5.94
	356.96	190.23	366.01	191.73	9.17
	244.00	202.00	259.98	204.13	16.12
	326.96	195.05	332.13	195.84	5.23
	246.08	196.93	251.92	198.38	6.01
	432.02	198.14	448.00	202.14	16.48
	309.08	203.29	348.01	212.62	40.03
	355.03	204.80	400.08	214.30	46.03
	229.03	205.97	263.06	213.82	34.92
	376.07	205.75	386.11	207.53	10.19
	360.97	208.17	375.88	211.44	15.26
	511.09	208.83	516.47	209.62	5.44
	507.93	213.20	516.00	214.97	8.26
	325.02	211.11	331.01	211.92	6.04
	615.00	211.98	620.96	213.38	6.13
	366.04	212.76	411.92	221.22	46.65
	230.19	213.53	275.06	221.81	45.62
	488.58	214.43	498.98	217.07	10.73
	601.88	216.21	609.07	217.16	7.26
	340.00	218.08	352.00	220.95	12.34
	499.88	218.82	513.97	221.19	14.29
	151.74	220.17	163.99	221.88	12.37
	489.94	221.49	499.12	223.31	9.36
	548.98	222.29	560.99	224.14	12.15
	209.95	225.25	264.89	240.19	56.93
	168.00	226.08	173.19	226.76	5.23
	439.32	225.93	452.09	229.43	13.24
	510.98	230.35	517.02	231.84	6.22
	226.04	233.80	267.65	243.24	42.67
	320.00	234.97	327.00	236.65	7.20
	578.09	235.15	586.05	236.92	8.15
	570.23	236.46	575.89	237.24	5.71
	536.00	237.02	542.74	238.32	6.86
	304.83	242.89	315.07	244.33	10.34
	566.00	244.94	571.92	246.13	6.04
	449.85	245.78	466.08	248.67	16.49
	156.02	246.62	165.85	249.14	10.14
	623.96	249.68	629.01	250.86	5.19
	138.98	255.21	158.02	259.27	19.48
	557.71	258.47	577.06	262.51	19.77
	458.00	259.06	471.89	261.38	14.09
	481.03	260.47	500.00	262.95	19.13
	288.11	262.16	294.11	263.76	6.21
	592.00	265.27	609.00	267.74	17.17
	571.90	265.58	578.00	267.03	6.27
	369.00	270.44	379.08	272.31	10.25
	469.38	275.49	489.98	279.63	21.01
	293.20	276.20	300.09	277.83	7.08
	305.52	277.23	335.01	281.84	29.84
	549.04	289.64	540.41	288.40	8.72
	520.98	281.12	535.00	283.82	14.28
	568.10	284.36	579.00	287.33	11.30
	607.08	285.39	620.95	288.15	14.14
	481.98	285.09	511.00	289.92	29.42
	168.43	286.59	174.64	288.22	6.42
	561.09	289.60	566.04	290.74	5.08
	618.84	291.28	629.01	293.47	10.40
	534.00	293.03	556.01	296.05	22.21
	435.05	293.87	461.97	298.63	27.34
	312.05	298.50	324.96	301.07	13.16
	579.05	301.57	607.95	306.09	29.25
	499.00	340.00	509.02	342.43	10.31
	190.04	312.13	202.11	314.86	12.37
	223.86	313.24	233.10	315.34	9.48
	456.90	313.04	466.00	315.00	9.31
	443.00	316.45	448.25	317.37	5.33
	237.02	318.75	243.15	319.85	6.24
	557.01	319.29	566.96	321.64	10.22
	195.37	321.21	200.86	322.13	5.56
	427.98	323.24	437.00	324.98	9.19
	521.99	325.20	555.01	332.66	33.86
	495.35	326.66	500.99	327.94	5.79
	155.20	327.61	163.87	329.13	8.79
	617.92	331.23	625.00	332.73	7.24
	187.00	332.78	192.06	333.62	5.13
	430.42	336.88	435.97	338.12	5.68
	219.30	346.13	227.01	347.72	7.87
	355.93	352.07	366.01	354.65	10.41
	379.08	352.24	387.03	353.60	8.07
	413.95	357.80	426.17	359.78	12.38
	568.97	385.67	596.03	390.28	27.45
	447.07	359.92	456.06	362.24	9.28
	613.89	373.14	620.99	374.40	7.21
	349.04	361.10	353.94	362.15	5.02
	442.07	361.79	447.32	362.68	5.33
	162.98	365.05	169.99	366.00	7.07
	497.00	364.00	505.03	365.46	8.16
	308.21	367.41	316.06	368.88	7.99
	472.11	370.38	487.88	374.43	16.28
	489.97	370.08	501.15	372.36	11.41
	144.06	377.09	151.10	378.25	7.14
	212.22	377.86	220.18	379.48	8.12
	207.55	381.46	215.86	383.49	8.55
	426.06	380.68	432.98	381.88	7.02
	600.05	385.95	629.11	392.77	29.85
	145.95	392.44	151.31	393.75	5.51
	233.02	401.98	239.07	403.30	6.19
	209.23	407.22	217.84	409.20	8.84
